# Results from FENRIS: 10 linear elements, alphaH=-0.1, dt=0.002
# force	displacement velocity acceleration
1 1132.53 7.146303E-03 7.087243E+00 5.906036E+03
2 24014 3.133231E-02 1.711364E+01 4.417975E+03
3 242253 7.238385E-02 2.395452E+01 2.755418E+03
4 1543219 1.277949E-01 3.144007E+01 4.401014E+03
5 6946204 1.994247E-01 4.019015E+01 4.357724E+03
6 23424040 2.868807E-01 4.727940E+01 3.002559E+03
7 61331720 3.878601E-01 5.369653E+01 3.345905E+03
8 128117100 5.023064E-01 6.074678E+01 3.644600E+03
9 219477900 6.298519E-01 6.680901E+01 2.622123E+03
10 318578200 7.680595E-01 7.140397E+01 2.081055E+03
11 407119700 9.149515E-01 7.548871E+01 2.016583E+03
12 477759400 1.068622E+00 7.819311E+01 9.092795E+02
13 536524400 1.224763E+00 7.796422E+01 -7.969338E+02
14 593992900 1.377295E+00 7.458265E+01 -2.286684E+03
15 653811200 1.519586E+00 6.772774E+01 -4.187972E+03
16 710364200 1.643870E+00 5.657966E+01 -6.498082E+03
17 756899100 1.742190E+00 4.175530E+01 -8.021574E+03
18 792785300 1.809118E+00 2.517715E+01 -8.467408E+03
19 821830400 1.842558E+00 8.263012E+00 -8.450179E+03
20 845372400 1.842687E+00 -8.137935E+00 -8.034003E+03
21 859114400 1.811191E+00 -2.336584E+01 -7.333920E+03
22 856697800 1.749903E+00 -3.792280E+01 -7.241521E+03
23 834211500 1.658642E+00 -5.333043E+01 -8.012011E+03
24 789970800 1.535132E+00 -7.017269E+01 -8.693874E+03
25 721266600 1.377478E+00 -8.748192E+01 -8.628441E+03
26 624700300 1.186121E+00 -1.038820E+02 -7.914469E+03
27 502385800 9.639999E-01 -1.182516E+02 -6.698324E+03
28 365311900 7.157578E-01 -1.300042E+02 -5.328253E+03
29 223730400 4.466017E-01 -1.391644E+02 -4.081378E+03
30 74250970 1.625247E-01 -1.449325E+02 -2.085849E+03
31 -95855790 -1.268961E-01 -1.445264E+02 1.729012E+03
32 -292112900 -4.064739E-01 -1.351011E+02 6.701735E+03
33 -502988200 -6.580425E-01 -1.165108E+02 1.102414E+04
34 -701242500 -8.660786E-01 -9.154963E+01 1.345151E+04
35 -858373100 -1.021896E+00 -6.427075E+01 1.376473E+04
36 -960712400 -1.123957E+00 -3.778157E+01 1.289783E+04
37 -999415500 -1.174229E+00 -1.248683E+01 1.248039E+04
38 -959500700 -1.173556E+00 1.315468E+01 1.304767E+04
39 -844564800 -1.121343E+00 3.905985E+01 1.288919E+04
40 -690039600 -1.021340E+00 6.097520E+01 9.669998E+03
41 -534785100 -8.870972E-01 7.332590E+01 3.845585E+03
42 -397231900 -7.389427E-01 7.487977E+01 -1.268830E+03
43 -277145800 -5.952058E-01 6.888596E+01 -4.148956E+03
44 -167668500 -4.686803E-01 5.766388E+01 -6.585767E+03
45 -67234900 -3.698706E-01 4.117346E+01 -9.351498E+03
46 15353440 -3.078989E-01 2.081212E+01 -1.073345E+04
47 64985590 -2.869181E-01 1.618352E-01 -1.005293E+04
48 67615510 -3.048735E-01 -1.813232E+01 -8.543174E+03
49 16630670 -3.565608E-01 -3.356871E+01 -7.168206E+03
50 -82621640 -4.368067E-01 -4.668731E+01 -6.153367E+03
51 -214569400 -5.415232E-01 -5.803719E+01 -5.355989E+03
52 -363979100 -6.666220E-01 -6.707552E+01 -3.961280E+03
53 -521731300 -8.051770E-01 -7.150856E+01 -1.053347E+03
54 -673493700 -9.448532E-01 -6.821268E+01 3.448793E+03
55 -794668500 -1.067876E+00 -5.486406E+01 8.824662E+03
56 -873003000 -1.154005E+00 -3.131360E+01 1.374228E+04
57 -919083900 -1.185804E+00 -5.137400E-01 1.650503E+04
58 -935685000 -1.154078E+00 3.224204E+01 1.629313E+04
59 -899637100 -1.059651E+00 6.220682E+01 1.410856E+04
60 -790522900 -9.100938E-01 8.737593E+01 1.156854E+04
61 -616853000 -7.151025E-01 1.076393E+02 9.173768E+03
62 -405530000 -4.845447E-01 1.229440E+02 6.638054E+03
63 -184540700 -2.283787E-01 1.332468E+02 4.160314E+03
64 23503070 4.398998E-02 1.391421E+02 2.139229E+03
65 205146900 3.241687E-01 1.410563E+02 1.690117E+02
66 357004400 6.034207E-01 1.382221E+02 -2.474485E+03
67 481840600 8.711734E-01 1.295615E+02 -5.567507E+03
68 584103900 1.116172E+00 1.154621E+02 -8.037819E+03
69 667835400 1.329593E+00 9.797076E+01 -9.217604E+03
70 736046300 1.506872E+00 7.930996E+01 -9.405599E+03
71 790407000 1.646864E+00 6.067986E+01 -9.254686E+03
72 831317900 1.749963E+00 4.241765E+01 -9.048712E+03
73 858396500 1.817152E+00 2.476696E+01 -8.676434E+03
74 870819200 1.850095E+00 8.169702E+00 -8.046761E+03
75 867236300 1.851229E+00 -7.042750E+00 -7.312535E+03
76 845891200 1.823256E+00 -2.093647E+01 -6.703073E+03
77 805852000 1.768500E+00 -3.382337E+01 -6.270371E+03
78 749230100 1.688789E+00 -4.589188E+01 -5.876846E+03
79 682360500 1.585862E+00 -5.704003E+01 -5.372223E+03
80 613252100 1.461868E+00 -6.696064E+01 -4.685694E+03
81 546187100 1.319695E+00 -7.522149E+01 -3.760245E+03
82 479595600 1.163264E+00 -8.122225E+01 -2.493807E+03
83 410552800 9.978899E-01 -8.416915E+01 -7.932112E+02
84 339664000 8.305060E-01 -8.323570E+01 1.306678E+03
85 269297500 6.693257E-01 -7.796670E+01 3.519717E+03
86 198970200 5.225349E-01 -6.884157E+01 5.257799E+03
87 126857700 3.960761E-01 -5.762304E+01 5.843573E+03
88 55957500 2.915767E-01 -4.686856E+01 5.066353E+03
89 -4984032 2.062159E-01 -3.847779E+01 3.614736E+03
90 -47203310 1.353241E-01 -3.240434E+01 2.651385E+03
91 -66067060 7.585345E-02 -2.706659E+01 2.680540E+03
92 -61316780 2.749845E-02 -2.129186E+01 3.025243E+03
93 -38177600 -9.362039E-03 -1.556592E+01 2.754789E+03
94 -8186424 -3.606218E-02 -1.112531E+01 1.863985E+03
95 14748420 -5.573513E-02 -8.538140E+00 9.133165E+02
96 20953270 -7.232508E-02 -8.040728E+00 -1.943677E+02
97 9254397 -9.099611E-02 -1.061212E+01 -2.013245E+03
98 -13388490 -1.188849E-01 -1.725489E+01 -4.193486E+03
99 -37629310 -1.634323E-01 -2.727887E+01 -5.557656E+03
100 -60434050 -2.291536E-01 -3.844201E+01 -5.597516E+03
101 -88916280 -3.162026E-01 -4.861546E+01 -4.746192E+03
102 -134668100 -4.211951E-01 -5.639137E+01 -3.315801E+03
103 -205272900 -5.382967E-01 -6.072931E+01 -1.404414E+03
104 -302149000 -6.604556E-01 -6.144701E+01 3.381904E+02
105 -423369900 -7.817185E-01 -5.982378E+01 1.127238E+03
106 -561728500 -8.989683E-01 -5.742722E+01 1.245639E+03
107 -697601200 -1.010519E+00 -5.412978E+01 1.917439E+03
108 -803399700 -1.112502E+00 -4.787369E+01 3.935118E+03
109 -864692500 -1.196802E+00 -3.645640E+01 6.890992E+03
110 -889522800 -1.252652E+00 -1.942013E+01 9.602903E+03
111 -891973900 -1.270658E+00 1.400694E+00 1.094875E+04
112 -877388300 -1.246553E+00 2.270882E+01 1.045760E+04
113 -842727000 -1.182713E+00 4.115181E+01 8.397425E+03
114 -779507500 -1.087115E+00 5.447501E+01 5.504386E+03
115 -679532400 -9.704531E-01 6.221433E+01 2.779842E+03
116 -547105900 -8.424349E-01 6.582017E+01 1.151636E+03
117 -401963400 -7.090141E-01 6.760500E+01 7.195974E+02
118 -266309600 -5.726000E-01 6.881104E+01 5.253023E+02
119 -153318400 -4.350684E-01 6.873002E+01 -4.177189E+02
120 -66889400 -3.004563E-01 6.589868E+01 -2.080965E+03
121 -5447404 -1.748256E-01 5.974858E+01 -3.737774E+03
122 36411760 -6.416937E-02 5.091894E+01 -4.866188E+03
123 66875540 2.739980E-02 4.065467E+01 -5.309432E+03
124 93671460 9.851545E-02 3.045747E+01 -4.958041E+03
125 119812500 1.509228E-01 2.193823E+01 -3.794003E+03
126 142138600 1.892246E-01 1.634689E+01 -2.130116E+03
127 154373100 2.196529E-01 1.406491E+01 -4.815714E+02
128 152438700 2.483668E-01 1.463624E+01 7.971491E+02
129 138336200 2.802370E-01 1.722564E+01 1.626406E+03
130 120174500 3.184411E-01 2.097435E+01 2.039649E+03
131 108391200 3.645354E-01 2.511945E+01 2.094486E+03
132 111037600 4.188140E-01 2.916032E+01 1.971070E+03
133 131585900 4.811090E-01 3.313450E+01 1.997767E+03
134 169438300 5.518873E-01 3.763950E+01 2.422324E+03
135 220933100 6.328739E-01 4.333998E+01 3.135516E+03
136 280389300 7.264706E-01 5.025137E+01 3.669147E+03
137 342020600 8.341120E-01 5.739166E+01 3.504148E+03
138 401917100 9.546036E-01 6.311075E+01 2.429810E+03
139 458558900 1.083558E+00 6.586161E+01 6.725065E+02
140 511997500 1.214258E+00 6.485742E+01 -1.285159E+03
141 562973400 1.339298E+00 6.020016E+01 -3.024279E+03
142 612454600 1.452008E+00 5.252287E+01 -4.381561E+03
143 661070200 1.547059E+00 4.253914E+01 -5.398735E+03
144 708196100 1.620423E+00 3.083243E+01 -6.156433E+03
145 751321100 1.669133E+00 1.788270E+01 -6.687154E+03
146 786347300 1.691126E+00 4.113885E+00 -7.015907E+03
147 808649800 1.685071E+00 -1.016712E+01 -7.223563E+03
148 814178600 1.650040E+00 -2.486192E+01 -7.429961E+03
149 800145200 1.585119E+00 -4.005647E+01 -7.708816E+03
150 765293900 1.489199E+00 -5.585992E+01 -8.030329E+03
151 709840900 1.361108E+00 -7.222872E+01 -8.287119E+03
152 634992800 1.200005E+00 -8.887365E+01 -8.346028E+03
153 542024300 1.005931E+00 -1.052033E+02 -8.044026E+03
154 431399400 7.805089E-01 -1.202278E+02 -7.157743E+03
155 302646300 5.278035E-01 -1.324947E+02 -5.450534E+03
156 154872800 2.551018E-01 -1.402334E+02 -2.815267E+03
157 -12967370 -2.688364E-02 -1.417860E+02 5.829880E+02
158 -201593500 -3.048297E-01 -1.361968E+02 4.268993E+03
159 -408211200 -5.646554E-01 -1.236622E+02 7.599545E+03
160 -620493600 -7.937536E-01 -1.054610E+02 1.010133E+04
161 -813640900 -9.824285E-01 -8.323089E+01 1.179085E+04
162 -956680100 -1.123760E+00 -5.811324E+01 1.307081E+04
163 -1025696000 -1.212524E+00 -3.066195E+01 1.416220E+04
164 -1015199000 -1.244889E+00 -1.708387E+00 1.468650E+04
165 -939628500 -1.219876E+00 2.672945E+01 1.390719E+04
166 -823224200 -1.141731E+00 5.144136E+01 1.132180E+04
167 -686961000 -1.021358E+00 6.897415E+01 7.062784E+03
168 -543212300 -8.754196E-01 7.701505E+01 1.992228E+03
169 -398663500 -7.229822E-01 7.546846E+01 -2.616972E+03
170 -259331400 -5.811872E-01 6.635882E+01 -5.846719E+03
171 -133400700 -4.623441E-01 5.250231E+01 -7.649281E+03
172 -31085490 -3.736760E-01 3.617435E+01 -8.507110E+03
173 37308090 -3.187161E-01 1.878865E+01 -8.816681E+03
174 63473030 -2.987179E-01 1.209065E+00 -8.771865E+03
175 42766530 -3.135187E-01 -1.601252E+01 -8.503410E+03
176 -23959360 -3.619433E-01 -3.241708E+01 -8.001525E+03
177 -128467100 -4.415931E-01 -4.724253E+01 -7.020196E+03
178 -255709000 -5.479535E-01 -5.913582E+01 -5.230943E+03
179 -389517800 -6.732969E-01 -6.623552E+01 -2.429114E+03
180 -519822800 -8.060015E-01 -6.650738E+01 1.392856E+03
181 -642745100 -9.307071E-01 -5.824386E+01 5.957697E+03
182 -753060000 -1.029760E+00 -4.085436E+01 1.051945E+04
183 -839004400 -1.086340E+00 -1.575975E+01 1.389921E+04
184 -884415600 -1.088602E+00 1.348540E+01 1.510481E+04
185 -873710400 -1.032525E+00 4.260153E+01 1.419356E+04
186 -797573300 -9.212062E-01 6.873561E+01 1.231603E+04
187 -659450500 -7.611803E-01 9.130739E+01 1.059913E+04
188 -476765200 -5.591575E-01 1.107303E+02 9.119670E+03
189 -273580700 -3.217902E-01 1.266563E+02 7.191882E+03
190 -71593940 -5.742530E-02 1.377361E+02 4.438589E+03
191 114459800 2.230467E-01 1.427680E+02 1.234170E+03
192 277437700 5.073845E-01 1.416001E+02 -1.796000E+03
193 416380200 7.839336E-01 1.349742E+02 -4.324236E+03
194 534012000 1.042827E+00 1.239390E+02 -6.313206E+03
195 634012100 1.276327E+00 1.095756E+02 -7.760689E+03
196 718975700 1.478888E+00 9.299452E+01 -8.643775E+03
197 789601000 1.647134E+00 7.525524E+01 -9.020212E+03
198 845031900 1.779579E+00 5.719012E+01 -9.040790E+03
199 883823600 1.876101E+00 3.932952E+01 -8.856648E+03
200 904911100 1.937403E+00 2.196936E+01 -8.562361E+03
201 908197800 1.964634E+00 5.258840E+00 -8.217195E+03
202 894663800 1.959131E+00 -1.076564E+01 -7.875606E+03
203 866068200 1.922210E+00 -2.615803E+01 -7.576586E+03
204 824450500 1.855069E+00 -4.098612E+01 -7.305686E+03
205 771785700 1.758890E+00 -5.519570E+01 -6.970852E+03
206 710042200 1.635223E+00 -6.847682E+01 -6.420367E+03
207 641367100 1.486545E+00 -8.021070E+01 -5.497985E+03
208 567735300 1.316811E+00 -8.953779E+01 -4.107259E+03
209 490015700 1.131749E+00 -9.554212E+01 -2.265433E+03
210 407529400 9.387053E-01 -9.752284E+01 -1.403120E+02
211 318971800 7.459144E-01 -9.528905E+01 1.955034E+03
212 223986900 5.613040E-01 -8.933829E+01 3.655609E+03
213 124275100 3.912261E-01 -8.075026E+01 4.719622E+03
214 24494920 2.397018E-01 -7.077846E+01 5.163419E+03
215 -66850580 1.085361E-01 -6.038782E+01 5.216588E+03
216 -138668200 -1.897453E-03 -5.004496E+01 5.141324E+03
217 -182231700 -9.174076E-02 -3.979805E+01 5.111544E+03
218 -196325400 -1.610164E-01 -2.947843E+01 5.191988E+03
219 -187579600 -2.095042E-01 -1.901006E+01 5.262318E+03
220 -166381200 -2.373956E-01 -8.878059E+00 4.935118E+03
221 -142279100 -2.466938E-01 -4.084858E-01 3.767898E+03
222 -121114300 -2.424686E-01 4.654262E+00 1.707024E+03
223 -104337100 -2.327524E-01 5.086843E+00 -7.775322E+02
224 -90492490 -2.268624E-01 8.256581E-01 -3.032633E+03
225 -78048790 -2.331353E-01 -7.083115E+00 -4.568889E+03
226 -68059830 -2.571597E-01 -1.693541E+01 -5.164323E+03
227 -65455200 -3.010596E-01 -2.696697E+01 -4.916750E+03
228 -78547770 -3.639805E-01 -3.596090E+01 -4.217103E+03
229 -116845100 -4.434417E-01 -4.350773E+01 -3.477630E+03
230 -187364000 -5.366727E-01 -4.972937E+01 -2.866279E+03
231 -290075200 -6.412049E-01 -5.480827E+01 -2.321560E+03
232 -414787300 -7.546392E-01 -5.863282E+01 -1.639420E+03
233 -543535000 -8.737691E-01 -6.050876E+01 -4.703395E+02
234 -659460100 -9.932886E-01 -5.903092E+01 1.545097E+03
235 -754948500 -1.104751E+00 -5.246081E+01 4.445030E+03
236 -830810000 -1.196830E+00 -3.965089E+01 7.711574E+03
237 -888835800 -1.257534E+00 -2.107910E+01 1.033545E+04
238 -925763500 -1.277897E+00 7.071006E-01 1.126487E+04
239 -932300000 -1.255245E+00 2.195584E+01 1.019737E+04
240 -897259600 -1.193568E+00 3.974210E+01 8.023643E+03
241 -815055400 -1.100356E+00 5.348911E+01 6.106746E+03
242 -691496900 -9.824883E-01 6.438980E+01 5.012745E+03
243 -543087500 -8.446481E-01 7.345839E+01 4.215321E+03
244 -390445400 -6.908093E-01 8.039291E+01 2.968558E+03
245 -250648300 -5.263524E-01 8.408274E+01 1.095815E+03
246 -132690100 -3.586008E-01 8.369041E+01 -1.057479E+03
247 -37154480 -1.957470E-01 7.918331E+01 -3.050937E+03
248 41002970 -4.531512E-02 7.126370E+01 -4.565714E+03
249 108135700 8.706587E-02 6.112568E+01 -5.404537E+03
250 167780700 1.983937E-01 5.020307E+01 -5.499155E+03
251 218825600 2.884721E-01 3.986980E+01 -4.944950E+03
252 257054000 3.595053E-01 3.115363E+01 -3.966842E+03
253 278675100 4.152504E-01 2.458008E+01 -2.833397E+03
254 283159500 4.600011E-01 2.016026E+01 -1.794253E+03
255 273853100 4.976564E-01 1.748740E+01 -1.031211E+03
256 256737100 5.311056E-01 1.595735E+01 -5.875759E+02
257 238656200 5.621617E-01 1.509620E+01 -3.259003E+02
258 225956500 5.921059E-01 1.484463E+01 7.621270E+00
259 223446100 6.225593E-01 1.560255E+01 6.265213E+02
260 233363500 6.561446E-01 1.797343E+01 1.558055E+03
261 254891000 6.964673E-01 2.233887E+01 2.599157E+03
262 284950800 7.473080E-01 2.849390E+01 3.396420E+03
263 319887000 8.113518E-01 3.554770E+01 3.613886E+03
264 356903700 8.890616E-01 4.216722E+01 3.107012E+03
265 394719500 9.782608E-01 4.704311E+01 1.991902E+03
266 433574800 1.074589E+00 4.929965E+01 5.525146E+02
267 474695100 1.172497E+00 4.862292E+01 -9.322874E+02
268 519217900 1.266235E+00 4.512879E+01 -2.290249E+03
269 566975300 1.350524E+00 3.917120E+01 -3.437824E+03
270 615861000 1.420906E+00 3.121977E+01 -4.334315E+03
271 662163800 1.473885E+00 2.176592E+01 -4.988663E+03
272 701529900 1.506841E+00 1.119530E+01 -5.483076E+03
273 729901300 1.517709E+00 -3.227215E-01 -5.942964E+03
274 744055300 1.504547E+00 -1.283411E+01 -6.464184E+03
275 741764200 1.465223E+00 -2.648342E+01 -7.064970E+03
276 721755600 1.397374E+00 -4.135957E+01 -7.686809E+03
277 683584200 1.298646E+00 -5.736300E+01 -8.211654E+03
278 627409000 1.167179E+00 -7.410164E+01 -8.474431E+03
279 553629000 1.002251E+00 -9.082872E+01 -8.289611E+03
280 462374100 8.049644E-01 -1.064653E+02 -7.504068E+03
281 352916600 5.787888E-01 -1.197249E+02 -6.046974E+03
282 223195600 3.297897E-01 -1.292952E+02 -3.943915E+03
283 70017100 6.649845E-02 -1.340224E+02 -1.310040E+03
284 -109045400 -2.005914E-01 -1.330971E+02 1.644464E+03
285 -311504300 -4.598938E-01 -1.262351E+02 4.622019E+03
286 -525325600 -6.998418E-01 -1.137400E+02 7.331174E+03
287 -728061400 -9.098503E-01 -9.629173E+01 9.652806E+03
288 -892722500 -1.080652E+00 -7.453086E+01 1.169885E+04
289 -997747100 -1.204040E+00 -4.887583E+01 1.357996E+04
290 -1034477000 -1.272917E+00 -2.001496E+01 1.499741E+04
291 -1007667000 -1.282801E+00 1.012934E+01 1.512198E+04
292 -930113700 -1.234697E+00 3.799492E+01 1.314000E+04
293 -816306400 -1.137278E+00 5.946451E+01 9.131331E+03
294 -678898700 -1.005964E+00 7.189787E+01 4.273573E+03
295 -528470100 -8.588431E-01 7.526595E+01 -4.231087E+01
296 -375281900 -7.122105E-01 7.139812E+01 -3.194985E+03
297 -230920100 -5.784177E-01 6.241633E+01 -5.354832E+03
298 -107972500 -4.661201E-01 4.989632E+01 -6.863460E+03
299 -17917950 -3.812958E-01 3.493827E+01 -7.889400E+03
300 31156690 -3.279398E-01 1.842384E+01 -8.502422E+03
301 36118290 -3.083925E-01 1.125924E+00 -8.746651E+03
302 -333218 -3.234305E-01 -1.616562E+01 -8.578518E+03
303 -70011360 -3.720218E-01 -3.243312E+01 -7.837244E+03
304 -162099200 -4.507290E-01 -4.628923E+01 -6.321923E+03
305 -267800100 -5.530124E-01 -5.601845E+01 -3.893074E+03
306 -382395200 -6.687958E-01 -5.979831E+01 -5.545000E+02
307 -501780100 -7.846697E-01 -5.611557E+01 3.438616E+03
308 -617597800 -8.851301E-01 -4.438521E+01 7.482894E+03
309 -716661600 -9.549988E-01 -2.551601E+01 1.073574E+04
310 -783516300 -9.823675E-01 -1.870843E+00 1.254715E+04
311 -802711100 -9.605516E-01 2.368288E+01 1.293000E+04
312 -762903300 -8.878489E-01 4.902417E+01 1.249774E+04
313 -663368700 -7.656741E-01 7.315780E+01 1.177954E+04
314 -516098600 -5.971218E-01 9.540549E+01 1.068671E+04
315 -340419300 -3.872109E-01 1.145241E+02 8.807731E+03
316 -155626900 -1.438309E-01 1.288830E+02 6.093906E+03
317 23668090 1.223845E-01 1.373633E+02 3.004318E+03
318 189048800 3.995407E-01 1.398225E+02 4.642981E+01
319 337404300 6.761325E-01 1.367953E+02 -2.553599E+03
320 468698700 9.419805E-01 1.290745E+02 -4.731606E+03
321 583755800 1.188642E+00 1.176035E+02 -6.404765E+03
322 682962100 1.409687E+00 1.034526E+02 -7.522615E+03
323 765989500 1.600764E+00 8.763111E+01 -8.169462E+03
324 832158900 1.759272E+00 7.088002E+01 -8.512927E+03
325 880966000 1.883798E+00 5.364798E+01 -8.684753E+03
326 912438100 1.973648E+00 3.620323E+01 -8.747453E+03
327 927201500 2.028573E+00 1.872168E+01 -8.736329E+03
328 926308100 2.048607E+00 1.311508E+00 -8.684254E+03
329 910957500 2.033961E+00 -1.595835E+01 -8.602043E+03
330 882292400 1.985021E+00 -3.298349E+01 -8.452926E+03
331 841399300 1.902508E+00 -4.953266E+01 -8.155685E+03
332 789460800 1.787785E+00 -6.519522E+01 -7.615012E+03
333 727746900 1.643206E+00 -7.939282E+01 -6.754657E+03
334 657163100 1.472384E+00 -9.144062E+01 -5.536734E+03
335 577617400 1.280321E+00 -1.006387E+02 -3.973900E+03
336 488012100 1.073310E+00 -1.063907E+02 -2.144085E+03
337 387252700 8.585980E-01 -1.083405E+02 -1.953937E+02
338 275574700 6.437968E-01 -1.064795E+02 1.681070E+03
339 155360100 4.361709E-01 -1.011627E+02 3.309926E+03
340 31728990 2.420173E-01 -9.300376E+01 4.592509E+03
341 -86821710 6.634034E-02 -8.268264E+01 5.539259E+03
342 -189342000 -8.707204E-02 -7.073696E+01 6.261895E+03
343 -266186200 -2.152355E-01 -5.743305E+01 6.912001E+03
344 -312973600 -3.155189E-01 -4.285660E+01 7.539040E+03
345 -331265900 -3.856873E-01 -2.731563E+01 7.924777E+03
346 -326526500 -4.248465E-01 -1.184044E+01 7.612808E+03
347 -305588100 -4.349378E-01 1.762609E+00 6.260670E+03
348 -274347600 -4.216256E-01 1.157223E+01 4.000901E+03
349 -236421800 -3.936642E-01 1.641551E+01 1.368803E+03
350 -193696900 -3.610600E-01 1.621315E+01 -1.081173E+03
351 -148283800 -3.331102E-01 1.175585E+01 -2.993634E+03
352 -104440100 -3.170664E-01 4.300166E+00 -4.217311E+03
353 -69329890 -3.176387E-01 -4.866410E+00 -4.827272E+03
354 -52093560 -3.373253E-01 -1.481773E+01 -5.074589E+03
355 -61461190 -3.772141E-01 -2.507012E+01 -5.160595E+03
356 -102851000 -4.376106E-01 -3.532700E+01 -5.107002E+03
357 -176068300 -5.181579E-01 -4.522292E+01 -4.841930E+03
358 -274761200 -6.175530E-01 -5.417823E+01 -4.234811E+03
359 -388624500 -7.329296E-01 -6.121040E+01 -3.036935E+03
360 -507639700 -8.589452E-01 -6.482569E+01 -9.881115E+02
361 -625164500 -9.870501E-01 -6.330832E+01 1.923213E+03
362 -737254300 -1.105725E+00 -5.539993E+01 5.308178E+03
363 -839221300 -1.202135E+00 -4.104147E+01 8.426602E+03
364 -922386400 -1.264913E+00 -2.175736E+01 1.045236E+04
365 -973460300 -1.286891E+00 -2.254132E-01 1.097505E+04
366 -978093500 -1.266140E+00 2.098225E+01 1.035636E+04
367 -927688000 -1.204649E+00 4.051865E+01 9.376095E+03
368 -825104400 -1.105995E+00 5.814461E+01 8.437570E+03
369 -684767300 -9.742105E-01 7.365149E+01 7.297349E+03
370 -526783700 -8.144085E-01 8.616791E+01 5.565451E+03
371 -369177400 -6.337746E-01 9.448935E+01 3.224238E+03
372 -223112100 -4.414946E-01 9.781665E+01 6.232536E+02
373 -92684620 -2.475560E-01 9.614628E+01 -1.807472E+03
374 22431410 -6.122085E-02 9.020824E+01 -3.743386E+03
375 123781200 1.101751E-01 8.120034E+01 -5.010997E+03
376 211788400 2.618502E-01 7.048061E+01 -5.592438E+03
377 285009100 3.916132E-01 5.928249E+01 -5.603479E+03
378 341001000 4.994211E-01 4.852167E+01 -5.231693E+03
379 377973300 5.866832E-01 3.873479E+01 -4.667944E+03
380 396091400 6.555473E-01 3.012332E+01 -4.064260E+03
381 397839200 7.083361E-01 2.265998E+01 -3.509945E+03
382 387538900 7.472372E-01 1.623612E+01 -3.013253E+03
383 370454900 7.742988E-01 1.082041E+01 -2.504255E+03
384 351841200 7.916925E-01 6.566949E+00 -1.875046E+03
385 336076400 8.020839E-01 3.816171E+00 -1.042284E+03
386 325969600 8.088912E-01 2.980742E+00 -1.334844E+00
387 322479100 8.162385E-01 4.355092E+00 1.146181E+03
388 325087800 8.285162E-01 7.912042E+00 2.200005E+03
389 332678400 8.496056E-01 1.317022E+01 2.915147E+03
390 344393600 8.819988E-01 1.922107E+01 3.098942E+03
391 360095400 9.261627E-01 2.494680E+01 2.705476E+03
392 380378100 9.804413E-01 2.934030E+01 1.857602E+03
393 406210900 1.041525E+00 3.175428E+01 7.732533E+02
394 438269100 1.105228E+00 3.195954E+01 -3.444589E+02
395 476172600 1.167215E+00 3.003775E+01 -1.371853E+03
396 518042700 1.223465E+00 2.622188E+01 -2.265315E+03
397 560647700 1.270442E+00 2.076283E+01 -3.038999E+03
398 600013100 1.305032E+00 1.383421E+01 -3.747851E+03
399 632140700 1.324339E+00 5.479842E+00 -4.463409E+03
400 653564600 1.325440E+00 -4.371041E+00 -5.233463E+03
401 661674500 1.305244E+00 -1.581679E+01 -6.049150E+03
402 654825800 1.260553E+00 -2.886707E+01 -6.842468E+03
403 632253200 1.188332E+00 -4.334729E+01 -7.505204E+03
404 593769100 1.086138E+00 -5.884254E+01 -7.909234E+03
405 539251300 9.526134E-01 -7.468156E+01 -7.926368E+03
406 468026400 7.879692E-01 -8.996741E+01 -7.453959E+03
407 378388200 5.943548E-01 -1.036571E+02 -6.438792E+03
408 267553600 3.760403E-01 -1.146728E+02 -4.887228E+03
409 132341400 1.393659E-01 -1.220218E+02 -2.866012E+03
410 -29162440 -1.075512E-01 -1.249189E+02 -5.035439E+02
411 -214905200 -3.553359E-01 -1.228910E+02 2.025565E+03
412 -415981100 -5.939936E-01 -1.157921E+02 4.565430E+03
413 -615728100 -8.134188E-01 -1.036582E+02 7.067964E+03
414 -792819400 -1.003551E+00 -8.649951E+01 9.586918E+03
415 -927474900 -1.154359E+00 -6.433332E+01 1.208055E+04
416 -1007106000 -1.256374E+00 -3.770251E+01 1.413864E+04
417 -1028347000 -1.302500E+00 -8.431420E+00 1.496682E+04
418 -995263800 -1.290774E+00 2.016905E+01 1.385584E+04
419 -915843200 -1.226379E+00 4.425539E+01 1.083473E+04
420 -799569200 -1.121088E+00 6.107683E+01 6.794712E+03
421 -657258700 -9.901222E-01 6.992801E+01 2.846178E+03
422 -501915100 -8.485013E-01 7.172528E+01 -3.997290E+02
423 -348507700 -7.088978E-01 6.790347E+01 -2.918356E+03
424 -211926600 -5.813180E-01 5.969604E+01 -4.893958E+03
425 -104261900 -4.735873E-01 4.805019E+01 -6.442235E+03
426 -32966040 -3.917571E-01 3.379150E+01 -7.587417E+03
427 -359692 -3.402136E-01 1.775907E+01 -8.302077E+03
428 -4108831 -3.215451E-01 9.114402E-01 -8.504977E+03
429 -38536610 -3.362019E-01 -1.557254E+01 -8.066668E+03
430 -96892170 -3.820272E-01 -3.026476E+01 -6.865737E+03
431 -173781500 -4.538608E-01 -4.158895E+01 -4.859666E+03
432 -265743700 -5.434515E-01 -4.802904E+01 -2.126966E+03
433 -368960000 -6.398520E-01 -4.840382E+01 1.105667E+03
434 -476119600 -7.304037E-01 -4.218125E+01 4.448360E+03
435 -575443900 -8.022801E-01 -2.972491E+01 7.414712E+03
436 -652271200 -8.442402E-01 -1.225715E+01 9.613327E+03
437 -691786500 -8.479166E-01 8.567446E+00 1.094494E+04
438 -682780000 -8.081223E-01 3.122046E+01 1.158089E+04
439 -621943000 -7.223993E-01 5.450161E+01 1.168036E+04
440 -515459600 -5.906783E-01 7.722464E+01 1.114896E+04
441 -376105500 -4.156126E-01 9.785498E+01 9.759310E+03
442 -218456100 -2.031121E-01 1.146680E+02 7.504684E+03
443 -55233330 3.787870E-02 1.263505E+02 4.732274E+03
444 104407800 2.966249E-01 1.324239E+02 1.906296E+03
445 254912700 5.621707E-01 1.331476E+02 -6.677431E+02
446 393268800 8.244651E-01 1.291688E+02 -2.870541E+03
447 517739500 1.074902E+00 1.212856E+02 -4.655611E+03
448 627057800 1.306523E+00 1.103492E+02 -6.009977E+03
449 720195100 1.514021E+00 9.715875E+01 -6.985367E+03
450 796459300 1.693521E+00 8.234804E+01 -7.685346E+03
451 855647100 1.842219E+00 6.635492E+01 -8.204030E+03
452 898091700 1.958050E+00 4.948050E+01 -8.592668E+03
453 924571300 2.039486E+00 3.195802E+01 -8.873622E+03
454 936118300 2.085430E+00 1.398837E+01 -9.058962E+03
455 933790600 2.095182E+00 -4.235812E+00 -9.147508E+03
456 918478800 2.068456E+00 -2.249085E+01 -9.114196E+03
457 890807200 2.005491E+00 -4.047630E+01 -8.911744E+03
458 851137800 1.907229E+00 -5.778913E+01 -8.486192E+03
459 799597100 1.775516E+00 -7.393102E+01 -7.794117E+03
460 736010400 1.613254E+00 -8.834085E+01 -6.812115E+03
461 659751000 1.424486E+00 -1.004400E+02 -5.541191E+03
462 569760000 1.214373E+00 -1.096882E+02 -4.012712E+03
463 465039400 9.890531E-01 -1.156491E+02 -2.292270E+03
464 345585400 7.553753E-01 -1.180470E+02 -4.700704E+02
465 213348500 5.205604E-01 -1.167862E+02 1.364025E+03
466 72910590 2.918725E-01 -1.119195E+02 3.146210E+03
467 -68181050 7.638384E-02 -1.035861E+02 4.847012E+03
468 -199919300 -1.191481E-01 -9.196185E+01 6.455572E+03
469 -311937100 -2.883611E-01 -7.726601E+01 7.942821E+03
470 -396425200 -4.254833E-01 -5.986885E+01 9.202418E+03
471 -449707800 -5.258659E-01 -4.052159E+01 9.987778E+03
472 -471836400 -5.869934E-01 -2.060542E+01 9.938290E+03
473 -465395900 -6.097167E-01 -2.106346E+00 8.790365E+03
474 -434325400 -5.989440E-01 1.290050E+01 6.645465E+03
475 -383151800 -5.630810E-01 2.298917E+01 3.976916E+03
476 -317129900 -5.123612E-01 2.775715E+01 1.322035E+03
477 -242915400 -4.570020E-01 2.762520E+01 -9.913114E+02
478 -168773400 -4.059919E-01 2.340357E+01 -2.857154E+03
479 -103951800 -3.666426E-01 1.596014E+01 -4.298093E+03
480 -57490730 -3.446523E-01 6.041176E+00 -5.400404E+03
481 -36820870 -3.443679E-01 -5.748573E+00 -6.224522E+03
482 -46475960 -3.689258E-01 -1.880427E+01 -6.730064E+03
483 -87293470 -4.200898E-01 -3.235896E+01 -6.808864E+03
484 -156539700 -4.978637E-01 -4.541961E+01 -6.344631E+03
485 -249250200 -6.000243E-01 -5.675222E+01 -5.214095E+03
486 -360207600 -7.216580E-01 -6.490050E+01 -3.314168E+03
487 -484879100 -8.548793E-01 -6.834729E+01 -6.628770E+02
488 -618127500 -9.890515E-01 -6.585679E+01 2.517334E+03
489 -751737800 -1.111761E+00 -5.688555E+01 5.797812E+03
490 -872962700 -1.210501E+00 -4.188268E+01 8.637178E+03
491 -965349900 -1.274617E+00 -2.225342E+01 1.059960E+04
492 -1012177000 -1.296730E+00 1.311102E-01 1.158738E+04
493 -1001946000 -1.273034E+00 2.356222E+01 1.180100E+04
494 -933215900 -1.202799E+00 4.667736E+01 1.139529E+04
495 -815328600 -1.088019E+00 6.811410E+01 1.026709E+04
496 -664525400 -9.336618E-01 8.626264E+01 8.279058E+03
497 -498148100 -7.478283E-01 9.959774E+01 5.593211E+03
498 -330151800 -5.410000E-01 1.072599E+02 2.656325E+03
499 -169590600 -3.244846E-01 1.092829E+02 -8.505166E+01
