# Results from FENRIS: 1 linear element, alphaH=-0.05, dt=0.001
# force	displacement velocity acceleration
1 83075.8 0.000166156 0.331558 602.833
2 485671 0.000971483 1.27831 1228.15
3 1514850 0.00303108 2.84012 1834.79
4 3470435 0.00694811 4.99322 2413.53
5 6635504 0.0132975 7.70487 2955.58
6 11270330 0.0226172 10.9339 3452.7
7 17606410 0.0354 14.6312 3897.45
8 25840920 0.0520862 18.7408 4283.23
9 36131840 0.0730572 23.2007 4604.5
10 48593980 0.0986297 27.944 4856.82
11 63296260 0.129052 32.8999 5036.97
12 80260280 0.164499 37.9952 5142.94
13 99460420 0.205075 43.1552 5173.99
14 120825300 0.250805 48.3053 5130.6
15 144240800 0.301644 53.372 5014.36
16 169554100 0.357471 58.2838 4827.94
17 196578700 0.418099 62.9726 4574.9
18 225100500 0.483272 67.3741 4259.56
19 254884000 0.552674 71.4287 3886.9
20 285678700 0.625929 75.082 3462.3
21 317225100 0.702612 78.2854 2991.47
22 349260900 0.782252 80.9957 2480.25
23 381526000 0.864338 83.1758 1934.53
24 413767200 0.948322 84.7943 1360.06
25 445741600 1.03363 85.8257 762.442
26 477219500 1.11967 86.2497 146.986
27 507986600 1.20582 86.0511 -481.292
28 537845200 1.29145 85.2198 -1117.72
29 566614300 1.37594 83.7499 -1757.99
30 594129900 1.45863 81.6398 -2398.12
31 620244300 1.5389 78.8917 -3034.49
32 644824600 1.6161 75.5111 -3663.78
33 667751900 1.68961 71.5068 -4282.94
34 688919200 1.75881 66.8904 -4889.13
35 708229700 1.82309 61.6765 -5479.73
36 725594900 1.88187 55.8819 -6052.21
37 740932700 1.93457 49.5261 -6604.18
38 754165100 1.98065 42.6309 -7133.23
39 765216400 2.01958 35.2207 -7636.95
40 774011300 2.05085 27.3219 -8112.9
41 780472800 2.07399 18.964 -8558.48
42 784520600 2.08856 10.1786 -8970.95
43 786069100 2.09415 1.00066 -9347.38
44 785026000 2.09038 -8.53218 -9684.58
45 781290400 2.07693 -18.3788 -9979.11
46 774751700 2.05349 -28.4943 -10227.2
47 765288000 2.01983 -38.8301 -10424.7
48 752765000 1.97575 -49.3331 -10567.1
49 737035200 1.92111 -59.9456 -10649.6
50 717937200 1.85583 -70.6047 -10666.9
51 695295700 1.77991 -81.242 -10613.1
52 668921200 1.6934 -91.7833 -10482.4
53 638611700 1.59643 -102.148 -10268.2
54 604153800 1.48923 -112.249 -9963.58
55 565326400 1.37211 -121.991 -9561.64
56 521904400 1.24548 -131.274 -9055.15
57 473665500 1.10985 -139.989 -8436.96
58 420398200 0.965846 -148.021 -7700.16
59 361913300 0.814213 -155.247 -6838.36
60 298058300 0.65582 -161.54 -5846.08
61 228735300 0.491668 -166.766 -4719.18
62 153923500 0.32289 -170.79 -3455.46
63 73705490 0.150758 -173.476 -2055.3
64 -11702020 -0.0233222 -174.688 -522.454
65 -101914500 -0.197814 -174.298 1135.08
66 -196344000 -0.371058 -172.19 2904.16
67 -294164300 -0.541283 -168.262 4765.64
68 -394281100 -0.706631 -162.436 6693.52
69 -495311700 -0.865181 -154.664 8654.51
70 -595581700 -1.01498 -144.936 10607.8
71 -693143000 -1.15409 -133.284 12505.7
72 -785822700 -1.28063 -119.794 14294.6
73 -871302300 -1.39283 -104.607 15917
74 -947232200 -1.48909 -87.9218 17314.5
75 -1011370000 -1.56805 -69.9931 18431.2
76 -1061740000 -1.62861 -51.1292 19217.8
77 -1096779000 -1.67001 -31.6818 19635.2
78 -1115477000 -1.69187 -12.0339 19658.3
79 -1117461000 -1.69418 7.41509 19277.8
80 -1103032000 -1.67734 26.266 18501.7
81 -1073137000 -1.64214 44.1367 17354.4
82 -1029289000 -1.58973 60.6774 15874.8
83 -973437500 -1.5216 75.5831 14112.9
84 -907821200 -1.43951 88.6034 12126.2
85 -834811100 -1.34544 99.5469 9975.85
86 -756770900 -1.24152 108.284 7722.78
87 -675940700 -1.13001 114.743 5424.92
88 -594354300 -1.01319 118.908 3134.94
89 -513787900 -0.89333 120.813 898.954
90 -435737800 -0.772658 120.533 -1244.1
91 -361422000 -0.653303 118.179 -3262.45
92 -291798200 -0.53727 113.889 -5131.08
93 -227591600 -0.426415 107.823 -6830.99
94 -169328700 -0.322426 100.157 -8348.36
95 -117371800 -0.226808 91.0801 -9673.69
96 -71952150 -0.140875 80.7864 -10801
97 -33199090 -0.0657446 69.4762 -11726.8
98 -1165940 -0.00233106 57.3517 -12450
99 24149590 0.0486521 44.6153 -12970.7
100 42789250 0.086694 31.4689 -13290.3
101 54822640 0.111485 18.1122 -13411
102 60339780 0.122912 4.74283 -13335.4
103 59447470 0.121061 -8.44491 -13066.9
104 52269330 0.106209 -21.2601 -12609.3
105 38949160 0.0788213 -33.516 -11966.8
106 19657560 0.0395486 -45.0305 -11144.5
107 -5398569 -0.0107797 -55.6273 -10148.6
108 -35963600 -0.071161 -65.1367 -8986.39
109 -71718350 -0.140427 -73.3974 -7666.88
110 -112263300 -0.217254 -80.2581 -6201.21
111 -157100500 -0.300172 -85.5803 -4603.02
112 -205615500 -0.387582 -89.2406 -2888.99
113 -257060500 -0.477768 -91.1342 -1079.19
114 -310541400 -0.568923 -91.1785 802.52
115 -365009900 -0.659169 -89.3168 2728.33
116 -419265500 -0.746588 -85.5224 4666.49
117 -471967500 -0.829249 -79.8026 6581.64
118 -521662300 -0.90525 -72.2014 8435.47
119 -566824800 -0.972751 -62.8021 10187.7
120 -605915800 -1.03001 -51.7289 11797.8
121 -637451600 -1.07545 -39.1455 13226.2
122 -660082900 -1.10765 -25.2534 14436.9
123 -672674500 -1.12542 -10.2873 15399.1
124 -674379000 -1.12782 5.4914 16089.3
125 -664694500 -1.11417 21.8026 16492.8
126 -643500400 -1.08409 38.3567 16604.3
127 -611065100 -1.03748 54.8643 16428.5
128 -568025400 -0.974525 71.0461 15979.8
129 -515339400 -0.895682 86.6412 15280.5
130 -454219900 -0.801654 101.415 14359.5
131 -386055300 -0.693365 115.165 13250.5
132 -312327300 -0.571923 127.722 11989.5
133 -234533500 -0.438586 138.954 10613.2
134 -154120800 -0.294726 148.766 9156.98
135 -72432450 -0.141796 157.097 7653.74
136 9327999 0.0187084 163.914 6132.87
137 90118470 0.185272 169.214 4619.72
138 169066300 0.356387 173.018 3135.38
139 245465700 0.530576 175.362 1696.72
140 318767700 0.706406 176.3 316.644
141 388564500 0.882502 175.895 -995.505
142 454571600 1.05756 174.218 -2233.5
143 516608900 1.23034 171.346 -3393.73
144 574582000 1.39969 167.358 -4474.76
145 628464700 1.56454 162.332 -5476.82
146 678283600 1.72388 156.347 -6401.48
147 724104500 1.87679 149.478 -7251.23
148 766020700 2.02243 141.799 -8029.22
149 804143400 2.16001 133.379 -8738.99
150 838593300 2.28884 124.285 -9384.29
151 869495000 2.40828 114.58 -9968.85
152 896970900 2.51773 104.321 -10496.3
153 921137800 2.61667 93.5638 -10970.2
154 942103300 2.70463 82.3608 -11393.5
155 959963800 2.78119 70.7608 -11769
156 974801700 2.84598 58.8103 -12099
157 986685000 2.89866 46.5537 -12385.5
158 995665100 2.93895 34.0338 -12629.8
159 1001776000 2.96662 21.2924 -12832.7
160 1005035000 2.98145 8.37062 -12994.7
161 1005438000 2.98329 -4.69048 -13115.4
162 1002964000 2.97202 -17.8492 -13194.1
163 997571500 2.94756 -31.0627 -13229.4
164 989196700 2.90989 -44.2865 -13219.3
165 977755800 2.85901 -57.4738 -13161.1
166 963143200 2.79498 -70.5747 -13051.6
167 945230700 2.71793 -83.5358 -12887.1
168 923867900 2.62801 -96.2995 -12662.8
169 898881900 2.52546 -108.803 -12373.7
170 870078000 2.41057 -120.979 -12014
171 837240400 2.2837 -132.753 -11577.2
172 800134300 2.1453 -144.044 -11056.5
173 758508700 1.9959 -154.763 -10444.3
174 712100600 1.83611 -164.817 -9733.04
175 660641700 1.66665 -174.099 -8914.57
176 603867000 1.48835 -182.5 -7980.94
177 541526300 1.30215 -189.9 -6924.52
178 473400200 1.10912 -196.173 -5738.36
179 399320000 0.910441 -201.184 -4416.73
180 319192700 0.707452 -204.797 -2955.78
181 233031900 0.501618 -206.872 -1354.29
182 140993800 0.294548 -207.27 385.416
183 43418950 0.0879868 -205.855 2256.38
184 -59123040 -0.116192 -202.505 4245.91
185 -165788000 -0.315998 -197.11 6334.38
186 -275415700 -0.509345 -189.588 8494.2
187 -386498400 -0.694081 -179.886 10689
188 -497168600 -0.868021 -167.996 12873.1
189 -605214000 -1.029 -153.957 14992.4
190 -708129300 -1.17491 -137.869 16984.9
191 -803210400 -1.30379 -119.895 18783.5
192 -887692700 -1.41387 -100.267 20319.5
193 -958926800 -1.50364 -79.2832 21526.8
194 -1014576000 -1.57194 -57.3052 22347.1
195 -1052811000 -1.61796 -34.745 22734.6
196 -1072479000 -1.64136 -12.0511 22660.6
197 -1073214000 -1.64223 10.3102 22116.4
198 -1055472000 -1.62114 31.8752 21113.8
199 -1020487000 -1.5791 52.2031 19684.9
200 -970157100 -1.51755 70.8944 17878.4
201 -906869600 -1.4383 87.6055 15756.1
202 -833311000 -1.34347 102.059 13387.2
203 -752271000 -1.23542 114.047 10844
204 -666474100 -1.11668 123.436 8197.22
205 -578448100 -0.989888 130.156 5512.63
206 -490436200 -0.85771 134.204 2848.88
207 -404351100 -0.722797 135.627 256.173
208 -321763100 -0.587726 134.519 -2224.05
209 -243915700 -0.454962 131.011 -4558.77
210 -171757300 -0.326828 125.262 -6722.57
211 -105983400 -0.205471 117.453 -8696.64
212 -47081220 -0.0928543 107.783 -10467.5
213 4626089 0.00926504 96.4579 -12026.2
214 48938930 0.0993404 83.6944 -13366.8
215 85746150 0.176043 69.7121 -14485.9
216 114995500 0.238265 54.7336 -15381.6
217 136670100 0.285123 38.9826 -16053.1
218 150769800 0.315956 22.6836 -16500.2
219 157298600 0.330328 6.06105 -16722.7
220 156255800 0.328028 -10.6604 -16720.4
221 147632200 0.30907 -27.2559 -16493.2
222 131410400 0.273693 -43.5002 -16040.7
223 107569500 0.222359 -59.1678 -15362.4
224 76094020 0.155759 -74.0328 -14458.1
225 36988400 0.0748086 -87.8695 -13328.2
226 -9704016 -0.0193517 -100.453 -11974.1
227 -63875700 -0.125358 -111.561 -10399
228 -125323800 -0.241624 -120.975 -8608.3
229 -193712700 -0.366353 -128.485 -6611.05
230 -268532000 -0.497539 -133.891 -4420.67
231 -349049600 -0.632989 -137.011 -2056.28
232 -434265100 -0.770336 -137.686 456.199
233 -522866900 -0.907069 -135.785 3082.86
234 -613199600 -1.04057 -131.218 5781.04
235 -703251700 -1.16815 -123.942 8498.95
236 -790670700 -1.2871 -113.971 11176
237 -872817300 -1.39478 -101.382 13744.3
238 -946863300 -1.48863 -86.3254 16130.7
239 -1009935000 -1.5663 -69.023 18260.9
240 -1059296000 -1.6257 -49.7705 20063.8
241 -1092551000 -1.66505 -28.9297 21476.5
242 -1107847000 -1.68297 -6.91788 22449.8
243 -1104044000 -1.67853 15.8084 22952.4
244 -1080827000 -1.65123 38.7725 22973.7
245 -1038732000 -1.6011 61.4993 22524.8
246 -979098900 -1.52858 83.5361 21637.4
247 -903935600 -1.43458 104.471 20360.2
248 -815738800 -1.32037 123.948 18754.6
249 -717284800 -1.18756 141.677 16889.6
250 -611426300 -1.038 157.437 14836
251 -500916900 -0.873747 171.078 12662.6
252 -388276400 -0.696953 182.514 10432.4
253 -275703400 -0.509838 191.718 8200.01
254 -165031600 -0.314623 198.714 6011.18
255 -57721540 -0.113484 203.566 3901.98
256 45119560 0.0914805 206.366 1899.49
257 142702100 0.298279 207.233 22.6711
258 234508700 0.505045 206.3 -1716.48
259 320246600 0.710046 203.706 -3311.74
260 399801300 0.911697 199.597 -4761.45
261 473194900 1.10855 194.117 -6067.47
262 540550200 1.29931 187.408 -7234.22
263 602059800 1.48282 179.605 -8267.92
264 657962300 1.65804 170.838 -9175.94
265 708522300 1.82407 161.227 -9966.3
266 754016200 1.98013 150.886 -10647.3
267 794720400 2.12553 139.92 -11227.1
268 830903600 2.2597 128.425 -11713.9
269 862820800 2.38216 116.491 -12115.1
270 890709200 2.4925 104.198 -12438
271 914786000 2.59042 91.6218 -12689
272 935246700 2.67564 78.831 -12874.1
273 952264400 2.748 65.8884 -12998.6
274 965989700 2.80737 52.8522 -13067.1
275 976550500 2.85369 39.776 -13083.6
276 984052900 2.88693 26.71 -13051.5
277 988581500 2.90713 13.7013 -12973.6
278 990200200 2.91438 0.794655 -12852
279 988952900 2.9088 -11.9672 -12688.2
280 984864300 2.89054 -24.5427 -12483.2
281 977940900 2.85982 -36.8908 -12237.6
282 968171500 2.81689 -48.9708 -11951.2
283 955528600 2.76204 -60.7417 -11623.4
284 939969600 2.69559 -72.1615 -11253.2
285 921437400 2.61791 -83.1869 -10839.1
286 899862700 2.52943 -93.773 -10379.2
287 875165700 2.43061 -103.873 -9871.31
288 847258200 2.32195 -113.437 -9312.87
289 816046600 2.20403 -122.413 -8701.14
290 781435700 2.07745 -130.747 -8033.23
291 743332700 1.94289 -138.381 -7306.27
292 701653000 1.80107 -145.253 -6517.49
293 656326900 1.65279 -151.302 -5664.42
294 607307100 1.49891 -156.46 -4745.08
295 554578400 1.34035 -160.663 -3758.24
296 498168400 1.1781 -163.841 -2703.66
297 438160200 1.01322 -165.928 -1582.45
298 374705800 0.846826 -166.858 -397.381
299 308040600 0.680111 -166.572 846.72
300 238498900 0.51432 -165.012 2142.59
301 166527600 0.350748 -162.134 3480.16
302 92699310 0.190731 -157.902 4846.25
303 17720920 0.0356315 -152.298 6224.28
304 -57562630 -0.113177 -145.32 7594.24
305 -132172300 -0.254331 -136.99 8932.73
306 -205008300 -0.386502 -127.353 10213.3
307 -274874800 -0.508419 -116.483 11407
308 -340516200 -0.618902 -104.484 12483.4
309 -400665000 -0.716889 -91.4901 13411.8
310 -454099500 -0.801466 -77.6654 14162.5
311 -499707000 -0.8719 -63.2026 14708.5
312 -536547900 -0.92766 -48.3188 15027.3
313 -563914600 -0.968445 -33.2503 15102.1
314 -581378000 -0.994193 -18.2466 14923.2
315 -588817700 -1.0051 -3.56241 14488.7
316 -586431400 -1.00161 10.5503 13805
317 -574722400 -0.984405 23.8497 12885.8
318 -554466800 -0.954425 36.1121 11752.4
319 -526665900 -0.912801 47.138 10431.5
320 -492486800 -0.860854 56.757 8954.13
321 -453200100 -0.800061 64.8311 7354.1
322 -410118700 -0.732018 71.2569 5666.33
323 -364543900 -0.658408 75.9658 3925.47
324 -317720600 -0.580965 78.9229 2164.75
325 -270804600 -0.501442 80.1253 415.18
326 -224841200 -0.42158 79.5999 -1295.1
327 -180753800 -0.343082 77.3995 -2941.06
328 -139342400 -0.267583 73.6005 -4500.85
329 -101287800 -0.196633 68.2995 -5955.74
330 -67161430 -0.131679 61.61 -7289.81
331 -37437480 -0.0740451 53.6603 -8489.72
332 -12506880 -0.0249203 44.5905 -9544.31
333 7308936 0.01465 34.5513 -10444.2
334 21744960 0.0437758 23.7014 -11181.8
335 30581160 0.0617296 12.2069 -11750.3
336 33632930 0.0679528 0.239946 -12144.2
337 30744050 0.0620615 -12.0223 -12358.8
338 21782180 0.0438513 -24.3981 -12389.8
339 6637338 0.0133012 -36.7022 -12234
340 -14776570 -0.0294228 -48.7462 -11888.4
341 -42516770 -0.0839651 -60.339 -11351.1
342 -76603090 -0.149779 -71.2887 -10621.2
343 -117005400 -0.226124 -81.4026 -9698.96
344 -163627400 -0.312069 -90.4898 -8586.61
345 -216285500 -0.406494 -98.3624 -7288.5
346 -274684900 -0.508094 -104.839 -5811.91
347 -338391700 -0.615386 -109.746 -4167.72
348 -406803400 -0.726721 -112.926 -2371.13
349 -479119100 -0.840301 -114.236 -442.441
350 -554313800 -0.954198 -113.56 1592.29
351 -631118200 -1.06638 -110.808 3700.73
352 -708012400 -1.17475 -105.928 5844.09
353 -783236000 -1.27717 -98.9108 7977.37
354 -854821100 -1.37152 -89.7934 10050.1
355 -920652900 -1.45574 -78.6664 12008.1
356 -978556700 -1.52791 -65.6753 13795.3
357 -1026411000 -1.58626 -51.0212 15356.8
358 -1062280000 -1.62925 -34.9574 16642.2
359 -1084543000 -1.65562 -17.7835 17609
360 -1092025000 -1.66443 0.16463 18225.6
361 -1084088000 -1.65508 18.527 18474.2
362 -1060686000 -1.62735 36.9338 18351.7
363 -1022368000 -1.58137 55.0208 17870.3
364 -970230600 -1.51764 72.4432 17055.9
365 -905825100 -1.43698 88.8888 15946.3
366 -831034800 -1.34049 104.088 14587.8
367 -747940200 -1.22954 117.82 13031.7
368 -658684900 -1.10567 129.916 11331.3
369 -565359300 -0.970583 140.262 9538.4
370 -469907500 -0.826059 148.79 7701.32
371 -374063300 -0.673925 155.48 5863.01
372 -279313000 -0.516011 160.351 4060.15
373 -186882500 -0.354108 163.456 2322.77
374 -97742670 -0.189945 164.872 674.383
375 -12628040 -0.0251608 164.698 -867.565
376 67936740 0.138711 163.048 -2291.02
377 143606500 0.300256 160.043 -3588.54
378 214184700 0.458183 155.812 -4756.53
379 279594100 0.611331 150.485 -5794.45
380 339850100 0.758668 144.19 -6704.16
381 395037400 0.89929 137.054 -7489.33
382 445291200 1.03242 129.199 -8154.89
383 490780400 1.15739 120.74 -8706.66
384 531695700 1.27365 111.789 -9150.99
385 568238800 1.38077 102.449 -9494.54
386 600615400 1.4784 92.8177 -9744
387 629029400 1.5663 82.9845 -9906.04
388 653678600 1.64431 73.0339 -9987.12
389 674752800 1.71235 63.0433 -9993.45
390 692431300 1.77042 53.0842 -9930.97
391 706882500 1.81857 43.2224 -9805.26
392 718263600 1.85694 33.5181 -9621.6
393 726720700 1.88571 24.0267 -9384.9
394 732389700 1.90512 14.7986 -9099.8
395 735397000 1.91546 5.8799 -8770.59
396 735860600 1.91706 -2.68759 -8401.33
397 733891400 1.91028 -10.8659 -7995.8
398 729594800 1.89554 -18.6207 -7557.6
399 723071900 1.87327 -25.9212 -7090.13
400 714421100 1.84394 -32.7399 -6596.67
401 703740100 1.80804 -39.0526 -6080.39
402 691126700 1.7661 -44.8382 -5544.41
403 676681200 1.71864 -50.0787 -4991.82
404 660507600 1.66622 -54.7592 -4425.72
405 642714800 1.60941 -58.8678 -3849.28
406 623418600 1.54878 -62.3962 -3265.76
407 602742600 1.48491 -65.339 -2678.53
408 580819100 1.41839 -67.6944 -2091.1
409 557790200 1.34981 -69.4643 -1507.15
410 533808000 1.27976 -70.6544 -930.548
411 509035000 1.20879 -71.274 -365.335
412 483643600 1.13749 -71.3371 184.271
413 457815500 1.06639 -70.8615 713.895
414 431740200 0.996022 -69.8698 1219.04
415 405613500 0.926893 -68.3889 1695.11
416 379635100 0.859474 -66.4505 2137.52
417 354005600 0.794203 -64.0907 2541.68
418 328923200 0.731483 -61.3502 2903.19
419 304580200 0.671671 -58.2739 3217.82
420 281158700 0.615079 -54.911 3481.68
421 258826800 0.561967 -51.314 3691.32
422 237734000 0.51254 -47.5388 3843.8
423 218007600 0.466949 -43.6439 3936.82
424 199748800 0.425282 -39.6895 3968.79
425 183029900 0.387569 -35.7371 3938.91
426 167891400 0.353776 -31.8486 3847.28
427 154340800 0.323809 -28.0852 3694.83
428 142351500 0.297513 -24.5066 3483.47
429 131863100 0.274675 -21.1702 3215.99
430 122782100 0.255024 -18.1302 2896.05
431 114984100 0.238241 -15.4365 2528.19
432 108316300 0.223955 -13.1341 2117.67
433 102600300 0.211757 -11.2624 1670.46
434 97635920 0.201198 -9.85444 1193.12
435 93205270 0.191802 -8.93656 692.683
436 89076350 0.18307 -8.52773 176.586
437 85007260 0.174486 -8.63937 -347.47
438 80749960 0.165528 -9.27512 -871.605
439 76053890 0.155675 -10.4307 -1387.86
440 70669290 0.144412 -12.0938 -1888.28
441 64350170 0.131243 -14.2442 -2364.99
442 56857020 0.115694 -16.8541 -2810.31
443 47959210 0.0973225 -19.888 -3216.76
444 37437230 0.0757267 -23.303 -3577.15
445 25084750 0.0505504 -27.0492 -3884.64
446 10710700 0.0214905 -31.0704 -4132.79
447 -5858604 -0.0116967 -35.3037 -4315.64
448 -24777110 -0.0491891 -39.681 -4427.72
449 -46176360 -0.091094 -44.1288 -4464.18
450 -70162430 -0.137443 -48.5691 -4420.84
451 -96812310 -0.188188 -52.9204 -4294.29
452 -126169700 -0.243197 -57.0979 -4082
453 -158240300 -0.302253 -61.0151 -3782.44
454 -192986200 -0.365053 -64.5846 -3395.25
455 -230320100 -0.431204 -67.7192 -2921.35
456 -270098800 -0.50023 -70.3336 -2363.12
457 -312116800 -0.571569 -72.3455 -1724.61
458 -356100000 -0.644581 -73.6779 -1011.61
459 -401700400 -0.718549 -74.2607 -231.913
460 -448491500 -0.792695 -74.0325 604.683
461 -495966700 -0.866183 -72.943 1486.25
462 -543539700 -0.938131 -70.9548 2398.78
463 -590549300 -1.00763 -68.0459 3326.26
464 -636268400 -1.07376 -64.2111 4250.93
465 -679917900 -1.1356 -59.4637 5153.61
466 -720686200 -1.19224 -53.8368 6014.2
467 -757753600 -1.24286 -47.3836 6812.27
468 -790320800 -1.28663 -40.1778 7527.82
469 -817641100 -1.32288 -32.3122 8142.05
470 -839052500 -1.35098 -23.8972 8638.2
471 -854009300 -1.37046 -15.0587 9002.38
472 -862109700 -1.38096 -5.93433 9224.22
473 -863116500 -1.38226 3.33015 9297.44
474 -856970200 -1.3743 12.5851 9220.22
475 -843791700 -1.35717 21.6816 8995.23
476 -823876300 -1.33109 30.4757 8629.52
477 -797677000 -1.29644 38.8327 8134.09
478 -765781500 -1.25371 46.6309 7523.33
479 -728882500 -1.20351 53.7642 6814.28
480 -687745800 -1.14655 60.1449 6025.78
481 -643178000 -1.08363 65.7042 5177.71
482 -595995100 -1.01558 70.3937 4290.12
483 -546995600 -0.943294 74.1847 3382.62
484 -496937800 -0.867668 77.0675 2473.73
485 -446522300 -0.78961 79.0499 1580.45
486 -396380000 -0.710008 80.156 717.974
487 -347064900 -0.629718 80.4238 -100.528
488 -299050800 -0.549555 79.9034 -863.975
489 -252732300 -0.470276 78.6547 -1563.37
490 -208427500 -0.392577 76.7458 -2191.72
491 -166383000 -0.317079 74.2503 -2743.9
492 -126780200 -0.244331 71.2465 -3216.51
493 -89741780 -0.1748 67.8148 -3607.71
494 -55338330 -0.108875 64.037 -3917.01
495 -23595150 -0.046859 59.9945 -4145.15
496 5501859 0.0110219 55.7676 -4293.89
497 32000590 0.0646227 51.4341 -4365.89
498 55977900 0.113874 47.0689 -4364.59
499 77535320 0.15878 42.7431 -4294.09
500 96795390 0.199413 38.5233 -4159.04
501 113898600 0.235911 34.4712 -3964.56
502 129000600 0.268468 30.6432 -3716.19
503 142270000 0.297335 27.0901 -3419.8
504 153886300 0.322808 23.8563 -3081.52
505 164037800 0.345227 20.9804 -2707.75
506 172920200 0.364965 18.4941 -2305.04
507 180734400 0.382423 16.4228 -1880.08
508 187684700 0.398027 14.785 -1439.64
509 193977300 0.412216 13.5923 -990.51
510 199817300 0.425438 12.8499 -539.444
511 205407300 0.438141 12.5559 -93.1059
512 210944200 0.45077 12.7021 342.004
513 216617300 0.463759 13.2738 759.615
514 222605100 0.477521 14.2502 1153.76
515 229072900 0.492449 15.6048 1518.85
516 236170200 0.508904 17.3056 1849.72
517 244028000 0.527215 19.316 2141.75
518 252756900 0.54767 21.5947 2390.86
519 262444900 0.570516 24.0971 2593.59
520 273156200 0.595953 26.7751 2747.18
521 284930200 0.62413 29.5786 2849.51
522 297780700 0.655147 32.4554 2899.2
523 311696600 0.689051 35.3526 2895.57
524 326642500 0.725835 38.2169 2838.61
525 342559300 0.765441 40.9952 2728.98
526 359366900 0.807757 43.6356 2567.98
527 376965600 0.852618 46.0878 2357.44
528 395238900 0.899814 48.3035 2099.72
529 414056100 0.949084 50.2371 1797.62
530 433274900 1.00012 51.8459 1454.31
531 452744400 1.05259 53.0906 1073.26
532 472307500 1.10611 53.9356 658.161
533 491803900 1.16025 54.3488 212.903
534 511071700 1.21457 54.3025 -258.525
535 529949700 1.26861 53.7725 -752.065
536 548278900 1.32187 52.739 -1263.63
537 565903800 1.37383 51.1864 -1789.16
538 582673400 1.42397 49.1027 -2324.59
539 598441500 1.47176 46.4804 -2865.93
540 613067000 1.51666 43.3156 -3409.24
541 626414000 1.55812 39.6086 -3950.62
542 638351100 1.59561 35.3635 -4486.22
543 648751100 1.62858 30.5879 -5012.23
544 657490100 1.65653 25.2938 -5524.82
545 664446700 1.67892 19.4965 -6020.19
546 669500500 1.69528 13.2155 -6494.47
547 672531500 1.70512 6.47387 -6943.76
548 673418600 1.70801 -0.701043 -7364.04
549 672038300 1.70352 -8.27802 -7751.19
550 668263700 1.69127 -16.2216 -8100.93
551 661963200 1.67091 -24.4918 -8408.79
552 652999600 1.64214 -33.0444 -8670.14
553 641228800 1.6047 -41.83 -8880.09
554 626499800 1.55839 -50.7945 -9033.55
555 608653700 1.50306 -59.8784 -9125.15
556 587524100 1.43861 -69.0168 -9149.32
557 562937100 1.36503 -78.1392 -9100.23
558 534713300 1.28238 -87.1688 -8971.9
559 502668700 1.19078 -96.0231 -8758.17
560 466618600 1.09046 -104.613 -8452.85
561 426381400 0.981733 -112.845 -8049.78
562 381784500 0.865003 -120.616 -7543.02
563 332671900 0.740786 -127.82 -6927.01
564 278914100 0.609704 -134.345 -6196.84
565 220420700 0.472494 -140.076 -5348.58
566 157155000 0.330011 -144.891 -4379.63
567 89152470 0.18323 -148.671 -3289.22
568 16541600 0.0332484 -151.295 -2078.9
569 -60432800 -0.11872 -152.644 -753.188
570 -141384300 -0.271346 -152.609 679.829
571 -225759200 -0.423195 -151.089 2207.82
572 -312812600 -0.572737 -147.998 3813.59
573 -401589100 -0.718371 -143.271 5474.59
574 -490911800 -0.85844 -136.868 7162.61
575 -579383100 -0.991263 -128.781 8843.79
576 -665403300 -1.11517 -119.038 10479.1
577 -747208700 -1.22854 -107.708 12025.1
578 -822932600 -1.32985 -94.9072 13435.9
579 -890689000 -1.4177 -80.7955 14664.6
580 -948673700 -1.49089 -65.5798 15666.6
581 -995276900 -1.54843 -49.5089 16401.6
582 -1029194000 -1.58962 -32.8676 16837.4
583 -1049527000 -1.61404 -15.9674 16951.6
584 -1055849000 -1.62159 0.864344 16733.7
585 -1048249000 -1.61251 17.297 16186.4
586 -1027318000 -1.58736 33.0097 15325.1
587 -994106300 -1.547 47.7032 14176.7
588 -950042500 -1.49259 61.1105 12778
589 -896829600 -1.42554 73.0056 11172.6
590 -836334100 -1.34743 83.2081 9408.8
591 -770476900 -1.26003 91.5868 7535.82
592 -701137800 -1.16521 98.0591 5602.17
593 -630079500 -1.06489 102.589 3653.35
594 -558894700 -0.961004 105.185 1730.49
595 -488973900 -0.855466 105.892 -130.434
596 -421493500 -0.750127 104.789 -1899
597 -357417600 -0.646742 101.982 -3550.26
598 -297512300 -0.546953 97.5988 -5064.39
599 -242365200 -0.452262 91.7854 -6426.25
600 -192409300 -0.36402 84.7 -7624.73
601 -147947500 -0.283415 76.5102 -8652.14
602 -109175600 -0.211466 67.3897 -9503.66
603 -76202970 -0.149013 57.5159 -10176.7
604 -49071090 -0.0967221 47.0675 -10670.6
605 -27767530 -0.055077 36.2233 -10986.2
606 -12237280 -0.0243851 25.1606 -11125.2
607 -2390523 -0.00477762 14.0543 -11090.8
608 1892737 0.00378763 3.07591 -10886.5
609 760900 0.00152215 -7.60733 -10517
610 -5608280 -0.0111977 -17.8331 -9987.51
611 -17004370 -0.0338363 -27.4449 -9304.43
612 -33178800 -0.0657048 -36.2931 -8474.99
613 -53837650 -0.105969 -44.2361 -7507.68
614 -78633070 -0.153657 -51.1414 -6412.41
615 -107153900 -0.207671 -56.8874 -5200.74
616 -138916000 -0.266796 -61.3651 -3886.14
617 -173353700 -0.329718 -64.4802 -2484.2
618 -209812700 -0.395034 -66.1551 -1012.78
619 -247545900 -0.461277 -66.3315 507.823
620 -285714300 -0.526928 -64.9728 2054.96
621 -323392500 -0.590446 -62.066 3603.72
622 -359582400 -0.650291 -57.6243 5127.31
623 -393234200 -0.704946 -51.6884 6597.53
624 -423274800 -0.752953 -44.3274 7985.56
625 -448644800 -0.792936 -35.6394 9262.84
626 -468340600 -0.82363 -25.7499 10402.2
627 -481459700 -0.843909 -14.8105 11378.9
628 -487245700 -0.852812 -2.99555 12171.9
629 -485129000 -0.849558 9.50243 12764.8
630 -474759200 -0.833568 22.4774 13147
631 -456024400 -0.804471 35.716 13313.5
632 -429057600 -0.762111 49.0033 13266
633 -394227500 -0.706545 62.1296 13011.9
634 -352114400 -0.638033 74.8953 12564.2
635 -303475800 -0.557027 87.1165 11940.5
636 -249203300 -0.464155 98.6286 11161.7
637 -190275700 -0.360197 109.29 10251.2
638 -127712500 -0.246062 118.981 9233.5
639 -62531400 -0.122768 127.609 8133.03
640 4288761 0.00858857 135.105 6973.41
641 71836160 0.14685 141.42 5776.61
642 139286500 0.290823 146.529 4562.44
643 205915600 0.439298 150.423 3348.21
644 271104100 0.591065 153.112 2148.63
645 334337800 0.744928 154.615 975.765
646 395201900 0.899717 154.966 -160.783
647 453373500 1.0543 154.204 -1253.72
648 508611600 1.20759 152.376 -2297.77
649 560746100 1.35854 149.533 -3289.44
650 609667000 1.50617 145.728 -4226.69
651 655313500 1.64955 141.016 -5108.7
652 697664300 1.78778 135.453 -5935.59
653 736728700 1.92005 129.092 -6708.19
654 772538300 2.04559 121.988 -7427.85
655 805140500 2.16368 114.193 -8096.25
656 834592400 2.27366 105.756 -8715.25
657 860955800 2.37489 96.7263 -9286.75
658 884293100 2.46683 87.1503 -9812.6
659 904663600 2.54894 77.0727 -10294.5
660 922120800 2.62075 66.5365 -10733.9
661 936709800 2.68181 55.5836 -11132.1
662 948465300 2.73173 44.2548 -11489.7
663 957409800 2.77015 32.5904 -11807.4
664 963552300 2.79676 20.6303 -12085.1
665 966886600 2.81128 8.41464 -12322.4
666 967390500 2.81348 -4.01553 -12518.4
667 965024300 2.80316 -16.6182 -12671.6
668 959730300 2.78018 -29.3494 -12780.1
669 951431000 2.74443 -42.1631 -12841.3
670 940029100 2.69584 -55.0103 -12852
671 925406000 2.63441 -67.8385 -12808.7
672 907421600 2.5602 -80.5912 -12706.9
673 885913400 2.4733 -93.2071 -12541.5
674 860696600 2.37389 -105.62 -12307.1
675 831564400 2.2622 -117.756 -11997.3
676 798288800 2.13855 -129.538 -11605.2
677 760622100 2.00334 -140.878 -11123.6
678 718300300 1.85706 -151.684 -10544.4
679 671047400 1.7003 -161.851 -9859.52
680 618581800 1.53374 -171.271 -9060.39
681 560625600 1.35819 -179.825 -8138.64
682 496917100 1.17458 -187.385 -7086.21
683 427227400 0.983985 -193.816 -5895.82
684 351381500 0.787589 -198.978 -4561.51
685 269285200 0.586739 -202.724 -3079.28
686 180958100 0.382924 -204.906 -1447.98
687 86572000 0.177784 -205.376 329.705
688 -13504110 -0.0268993 -203.993 2246.2
689 -118656600 -0.229206 -200.624 4287.73
690 -227978600 -0.427095 -195.156 6433.16
691 -340226100 -0.618422 -187.502 8652.79
692 -453786000 -0.800976 -177.609 10907.6
693 -566664800 -0.972514 -165.469 13148.9
694 -676508600 -1.13081 -151.126 15318.7
695 -780662500 -1.27372 -134.69 17351.3
696 -876277200 -1.39923 -116.335 19176.1
697 -960462800 -1.50555 -96.3093 20720.9
698 -1030480000 -1.59117 -74.9304 21917.3
699 -1083953000 -1.65492 -52.5794 22705.8
700 -1119075000 -1.69606 -29.6891 23041.3
701 -1134780000 -1.71427 -6.7272 22896.9
702 -1130849000 -1.70972 15.8235 22267.5
703 -1107926000 -1.68306 37.4873 21169.8
704 -1067465000 -1.63541 57.8164 19641.1
705 -1011580000 -1.5683 76.4096 17735.8
706 -942862800 -1.48363 92.927 15520.5
707 -864169800 -1.38362 107.099 13068.9
708 -778418700 -1.27071 118.731 10456.4
709 -688417700 -1.14749 127.702 7755.68
710 -596736800 -1.01666 133.961 5033.65
711 -505626100 -0.880926 137.518 2349
712 -416977600 -0.74295 138.438 -248.717
713 -332322100 -0.605317 136.831 -2719.19
714 -252851600 -0.470483 132.84 -5030.85
715 -179458100 -0.340745 126.638 -7159.9
716 -112778700 -0.218219 118.417 -9089.13
717 -53244650 -0.10482 108.383 -10806.8
718 -1126827 -0.00225289 96.7524 -12305.2
719 43423240 0.0879956 83.7461 -13580
720 80337910 0.164662 69.5891 -14629.1
721 109604500 0.22671 54.5076 -15451.7
722 131242300 0.273328 38.7278 -16048.2
723 145285300 0.303929 22.4754 -16419.4
724 151770400 0.318154 5.97532 -16566.1
725 150729800 0.315868 -10.5486 -16489.3
726 142188500 0.297157 -26.8731 -16189.7
727 126165800 0.262333 -42.776 -15668.2
728 102680500 0.211928 -58.0356 -14925.4
729 71761880 0.146695 -72.4313 -13962.4
730 33463890 0.0676078 -85.7441 -12781.2
731 -12114830 -0.024142 -97.7572 -11384.6
732 -64805880 -0.127148 -108.258 -9777.59
733 -124340800 -0.239796 -117.04 -7967.43
734 -190315400 -0.360268 -123.906 -5965.05
735 -262150800 -0.486556 -128.673 -3785.79
736 -339051200 -0.616478 -131.174 -1450.54
737 -419964100 -0.747698 -131.269 1013.24
738 -503545100 -0.877756 -128.85 3570.68
739 -588136300 -1.0041 -123.844 6178.83
740 -671763100 -1.12414 -116.231 8786.67
741 -752160700 -1.23527 -106.043 11335.7
742 -826834200 -1.33498 -93.3728 13761.3
743 -893159200 -1.42085 -78.3826 15995.6
744 -948519900 -1.4907 -61.3008 17970.6
745 -990476800 -1.54256 -42.4216 19622.5
746 -1016949000 -1.57482 -22.0984 20896.5
747 -1026385000 -1.58623 -0.732015 21750.8
748 -1017905000 -1.57597 21.2442 22160.7
749 -991378000 -1.54366 43.3828 22120.5
750 -947439300 -1.48935 65.2412 21643.8
751 -887425800 -1.41353 86.4001 20762.2
752 -813253600 -1.31709 106.48 19522.2
753 -727252300 -1.20127 125.155 17981.2
754 -631980400 -1.06762 142.158 16202.3
755 -530048800 -0.917896 157.286 14250.4
756 -423968100 -0.754052 170.403 12188.1
757 -316033300 -0.578139 181.427 10072.6
758 -208248800 -0.392259 190.334 7953.57
759 -102290100 -0.198522 197.143 5872.68
760 501974 0.0010041 201.911 3862.93
761 99104880 0.204319 204.721 1949.24
762 192782900 0.409519 205.68 149.224
763 281047200 0.614812 204.908 -1525.84
764 363614300 0.818532 202.533 -3069.91
765 440364400 1.01914 198.687 -4481.15
766 511304500 1.21524 193.502 -5760.96
767 576535700 1.40554 187.107 -6913.12
768 636225500 1.58891 179.628 -7943.12
769 690585700 1.76431 171.182 -8857.53
770 739854100 1.93084 161.881 -9663.57
771 784280800 2.0877 151.829 -10368.8
772 824117700 2.23417 141.124 -10980.5
773 859610100 2.36966 129.855 -11506.3
774 890991800 2.49364 118.103 -11952.8
775 918480300 2.60566 105.944 -12326.6
776 942274800 2.70536 93.4488 -12633.7
777 962554100 2.79242 80.68 -12879.4
778 979475500 2.86661 67.6967 -13068.3
779 993174800 2.92774 54.5534 -13204.6
780 1003766000 2.97566 41.3009 -13291.8
781 1011340000 3.01031 27.9867 -13332.6
782 1015968000 3.03163 14.6558 -13329.4
783 1017699000 3.03963 1.35163 -13283.6
784 1016560000 3.03437 -11.884 -13196.4
785 1012560000 3.01592 -25.0097 -13067.9
786 1005687000 2.98442 -37.9842 -12898.1
787 995907900 2.94005 -50.7657 -12686.1
788 983172000 2.88301 -63.3114 -12430.6
789 967409700 2.81357 -75.5765 -12129.7
790 948533800 2.73202 -87.5144 -11780.9
791 926440300 2.63873 -99.0755 -11381.3
792 901009700 2.53409 -110.207 -10927.4
793 872109000 2.41856 -120.853 -10415.4
794 839593700 2.29265 -130.952 -9841.11
795 803311600 2.15696 -140.441 -9200.01
796 763106500 2.01211 -149.249 -8487.44
797 718823600 1.85884 -157.303 -7698.68
798 670317000 1.69792 -164.523 -6829.17
799 617458100 1.53025 -170.827 -5874.71
800 560146800 1.35677 -176.128 -4831.75
801 498324800 1.17854 -180.336 -3697.71
802 431991600 0.996694 -183.36 -2471.43
803 361223200 0.812462 -185.106 -1153.6
804 286193300 0.627166 -185.486 252.686
805 207196300 0.442216 -184.415 1741.32
806 124671000 0.259102 -181.815 3302.61
807 39224510 0.0793852 -177.621 4922.64
808 -48348040 -0.0953172 -171.786 6582.78
809 -137048700 -0.263349 -164.281 8259.27
810 -225672300 -0.423042 -155.106 9923.14
811 -312814700 -0.572741 -144.294 11540.4
812 -396899400 -0.710842 -131.911 13072.5
813 -476222700 -0.83583 -118.065 14477.8
814 -549021200 -0.946316 -102.908 15713
815 -613556700 -1.04109 -86.633 16735.3
816 -668215300 -1.11914 -69.4743 17505.1
817 -711612400 -1.17973 -51.7034 17988.4
818 -742690000 -1.22239 -33.621 18159.3
819 -760797600 -1.24697 -15.5479 18002.5
820 -765744000 -1.25365 2.18589 17514
821 -757813500 -1.24294 19.2533 16702
822 -737743900 -1.21564 35.3416 15586.3
823 -706670200 -1.17289 50.1638 14196.9
824 -666042400 -1.11607 63.4669 12571.9
825 -617526200 -1.04682 75.0395 10754.9
826 -562902000 -0.966945 84.7151 8792.56
827 -503969000 -0.878402 92.3744 6732.23
828 -442465300 -0.783243 97.9447 4619.65
829 -380006200 -0.683574 101.397 2497.48
830 -318043200 -0.581505 102.743 404.268
831 -257842200 -0.479119 102.031 -1626.23
832 -200477800 -0.378435 99.3383 -3565.14
833 -146840300 -0.281382 94.7704 -5388.38
834 -97650690 -0.189771 88.4537 -7076.23
835 -53481770 -0.105279 80.5323 -8612.83
836 -14781110 -0.0294318 71.1644 -9985.6
837 18105680 0.0364093 60.5194 -11184.7
838 44912940 0.0910559 48.775 -12202.3
839 65435270 0.133501 36.1162 -13032.3
840 79510720 0.162925 22.7333 -13669.8
841 87007260 0.178702 8.82099 -14110.7
842 87812590 0.180401 -5.42216 -14351.5
843 81827460 0.167793 -19.7944 -14389.2
844 68962550 0.14085 -34.091 -14220.9
845 49139090 0.0997528 -48.1049 -13844.4
846 22293440 0.0448875 -61.6265 -13257.6
847 -11614220 -0.0231478 -74.4451 -12459.3
848 -52586480 -0.103544 -86.3488 -11449.3
849 -100570500 -0.195281 -97.1268 -10228.7
850 -155434600 -0.297129 -106.57 -8800.79
851 -216939600 -0.40765 -114.475 -7171.7
852 -284705100 -0.525209 -120.645 -5351.08
853 -358172100 -0.647979 -124.897 -3353.19
854 -436563800 -0.773959 -127.065 -1197.89
855 -518847000 -0.900993 -127.006 1088.42
856 -603700400 -1.0268 -124.606 3471.95
857 -689493500 -1.149 -119.793 5911.01
858 -774286700 -1.26516 -112.537 8355.91
859 -855856700 -1.37286 -102.865 10749.7
860 -931757100 -1.46972 -90.8611 13029.5
861 -999415800 -1.55349 -76.6769 15129.1
862 -1056269000 -1.62209 -60.5285 16982.3
863 -1099925000 -1.6737 -42.6966 18527
864 -1128336000 -1.70681 -23.5192 19709.5
865 -1139971000 -1.72026 -3.38101 20489
866 -1133943000 -1.7133 17.3015 20840.9
867 -1110097000 -1.6856 38.0975 20759.3
868 -1069021000 -1.63726 58.5804 20256.7
869 -1011988000 -1.5688 78.3459 19363.6
870 -940845000 -1.48111 97.0283 18124.9
871 -857848300 -1.37544 114.312 16596.1
872 -765491800 -1.25331 129.942 14839.1
873 -666332600 -1.11648 143.724 12917.5
874 -562843000 -0.966858 155.528 10892.9
875 -457295500 -0.806454 165.282 8821.86
876 -351687400 -0.637331 172.967 6754.16
877 -247699900 -0.461544 178.608 4731.46
878 -146689800 -0.281106 182.271 2787.16
879 -49702800 -0.0979491 184.046 946.731
880 42497930 0.0860962 184.047 -771.621
881 129394100 0.269321 182.404 -2355.97
882 210672300 0.450149 179.254 -3799.66
883 286184400 0.627145 174.739 -5100.29
884 355911100 0.799014 169.002 -6258.78
885 419929900 0.964606 162.182 -7278.55
886 478388200 1.1229 154.416 -8164.81
887 531480600 1.27303 145.834 -8923.98
888 579431400 1.41422 136.558 -9563.24
889 622480600 1.54585 126.705 -10090.1
890 660873200 1.6674 116.383 -10512.4
891 694851500 1.77843 105.691 -10837.5
892 724649300 1.87864 94.7244 -11073
893 750488300 1.96779 83.5675 -11225.6
894 772575200 2.04572 72.2999 -11302
895 791100900 2.11237 60.9944 -11308.4
896 806239200 2.16773 49.718 -11250.2
897 818147100 2.21185 38.5324 -11132.7
898 826965200 2.24486 27.4943 -10960.6
899 832818700 2.26694 16.6561 -10738
900 835818000 2.2783 6.06618 -10468.8
901 836059900 2.27922 -4.23065 -10156.2
902 833629500 2.27001 -14.1927 -9803.24
903 828601200 2.25102 -23.7811 -9412.62
904 821040300 2.22265 -32.9594 -8986.65
905 811005300 2.18533 -41.6935 -8527.41
906 798549000 2.1395 -49.9511 -8036.78
907 783720900 2.08568 -57.7017 -7516.46
908 766569100 2.02437 -64.9165 -6968.05
909 747143000 1.95613 -71.5683 -6393.09
910 725494800 1.88153 -77.6314 -5793.1
911 701683100 1.80117 -83.0816 -5169.71
912 675774500 1.71568 -87.8966 -4524.65
913 647847100 1.62571 -92.0556 -3859.86
914 617993000 1.53191 -95.5402 -3177.57
915 586321000 1.43497 -98.3343 -2480.32
916 552959600 1.33559 -100.424 -1771.11
917 518059500 1.23448 -101.801 -1053.4
918 481795700 1.13235 -102.457 -331.189
919 444369400 1.02993 -102.391 390.926
920 406009400 0.92793 -101.606 1107.73
921 366972000 0.827073 -100.11 1813.37
922 327540800 0.728059 -97.9184 2501.38
923 288025000 0.631574 -95.0521 3164.7
924 248755500 0.538278 -91.5403 3795.79
925 210081200 0.448799 -87.4195 4386.71
926 172362600 0.363722 -82.7344 4929.27
927 135964100 0.283586 -77.5379 5415.25
928 101245600 0.208872 -71.8909 5836.57
929 68552710 0.139996 -65.8624 6185.58
930 38206290 0.0773005 -59.5284 6455.29
931 10492100 0.0210505 -52.9718 6639.63
932 -14349210 -0.0285755 -46.2804 6733.73
933 -36131140 -0.0714889 -39.5464 6734.12
934 -54728710 -0.107694 -32.8647 6638.95
935 -70083950 -0.137292 -26.3307 6448.07
936 -82208810 -0.160477 -20.0393 6163.18
937 -91185700 -0.177539 -14.0826 5787.77
938 -97165240 -0.188854 -8.5482 5327.11
939 -100361800 -0.194888 -3.51754 4788.12
940 -101046700 -0.196179 0.935691 4179.22
941 -99540220 -0.193338 4.74687 3510.06
942 -96202020 -0.187034 7.86164 2791.35
943 -91421410 -0.177985 10.2368 2034.55
944 -85607460 -0.166947 11.8407 1251.65
945 -79179620 -0.1547 12.6542 454.923
946 -72559190 -0.142039 12.67 -343.324
947 -66161810 -0.129757 11.8935 -1130.92
948 -60391290 -0.11864 10.3418 -1895.99
949 -55634530 -0.109448 8.04371 -2627.13
950 -52257800 -0.102907 5.0391 -3313.45
951 -50603940 -0.0996985 1.37847 -3944.7
952 -50990430 -0.100449 -2.87785 -4511.27
953 -53708160 -0.105718 -7.66029 -5004.3
954 -59020470 -0.115994 -12.8908 -5415.64
955 -67162360 -0.131681 -18.4837 -5737.91
956 -78339540 -0.153096 -24.3463 -5964.52
957 -92727110 -0.180459 -30.3796 -6089.7
958 -110467600 -0.213889 -36.4797 -6108.55
959 -131668300 -0.253398 -42.538 -6017.14
960 -156397400 -0.298888 -48.4426 -5812.56
961 -184679500 -0.350149 -54.0795 -5493.08
962 -216489500 -0.406855 -59.3334 -5058.28
963 -251745600 -0.468566 -64.0897 -4509.26
964 -290301400 -0.534729 -68.2357 -3848.79
965 -331936900 -0.604677 -71.6625 -3081.59
966 -376350200 -0.677642 -74.2672 -2214.52
967 -423148100 -0.752752 -75.955 -1256.85
968 -471838700 -0.82905 -76.6418 -220.379
969 -521826800 -0.905498 -76.2568 880.344
970 -572410900 -0.980999 -74.7452 2028.02
971 -622787100 -1.05441 -72.0712 3202.64
972 -672057200 -1.12455 -68.2201 4381.72
973 -719245300 -1.19026 -63.2009 5540.69
974 -763321300 -1.25039 -57.0482 6653.48
975 -803233000 -1.30382 -49.8228 7693.36
976 -837944600 -1.34954 -41.6121 8633.86
977 -866480400 -1.38661 -32.5294 9449.93
978 -887972000 -1.41423 -22.7114 10119.1
979 -901702300 -1.43174 -12.3154 10622.6
980 -907145600 -1.43866 -1.51462 10946.5
981 -903998400 -1.43466 9.50661 11082.3
982 -892196400 -1.41963 20.5588 11027.6
983 -871918700 -1.39362 31.4536 10786
984 -843576300 -1.35689 42.0091 10367
985 -807786600 -1.30986 52.0562 9785.4
986 -765338000 -1.25311 61.4428 9060.22
987 -717146200 -1.18737 70.0375 8213.79
988 -664208300 -1.11348 77.7324 7270.45
989 -607556400 -1.0324 84.4446 6255.48
990 -548216700 -0.945116 90.1163 5193.95
991 -487173800 -0.852701 94.714 4109.89
992 -425342800 -0.756231 98.2275 3025.53
993 -363550600 -0.656784 100.667 1960.82
994 -302523000 -0.55542 102.063 933.124
995 -242880400 -0.453159 102.459 -42.952
996 -185137900 -0.350973 101.914 -955.511
997 -129709700 -0.249768 100.497 -1795.27
998 -76916700 -0.150378 98.2837 -2555.38
999 -26995650 -0.0535582 95.3567 -3231.17
